[/media/yoo/shared/documents/centron/2020_727754.pdf]
page=0
offset=0
zoom=1.2520886188592959
rotate=0
pages-per-row=1
first-page-column=1:2
page-right-to-left=false
position-x=0.72617246596066565
position-y=0.19564054560042743
time=1582422190
jumplist=

[/media/yoo/shared/precision_m6800.pdf]
page=4
offset=0
zoom=2.5547669861876656
rotate=0
pages-per-row=1
first-page-column=1:2
page-right-to-left=false
position-x=0.21568627450980393
position-y=0.055492995975302557
time=1582427286
jumplist=
